0.4
1.20
2.40
3.60
4.00
4.40
4.80
5.20
5.60
6.00
6.40
6.80
7.20
7.60
8.00
8.40
8.80
9.20
9.60
10.00
10.40
10.80
11.20
11.60
12.00
12.40
12.80
13.60
14.80
15.60
16.40
17.60
18.40
19.20
21.20
22.00
23.60
25.20
26.00
27.20
27.60
28.00
28.40
28.80
29.20
29.60
30.00
30.40
30.80
32.40
32.80
33.60
34.40
35.20
36.40
37.20
38.40
40.00
41.60

42.80
45.60
46.80
48.40
48.80
49.20     
49.60
50.00
50.40
50.80
51.20
51.60
53.20
54.40
54.80
55.20
57.20
59.20
60.00
61.60
64.00
65.60
68.00
69.20
70.00
72.00
73.20
74.40
76.80
77.60
78.40
84.00
86.80
89.20
92.00
92.80
94.00
94.40
96.40
98.00
100.00
102.00
104.00
106.00
108.00
112.00
119.00


