0.132
0.456
0.912
1.290
1.410
1.510
1.620
1.710
1.800
1.880
1.960
2.010
2.060
2.110
2.140
2.180
2.195
2.210
2.220
2.210
2.200
2.180
2.160
2.130
2.100
2.050
2.000
1.880
1.665
1.500
1.340
1.060
0.856
0.668
0.176
-0.016
-0.360
-0.644
-0.776
-0.936
-0.976
-1.020
-1.060
-1.090
-1.110
-1.140
-1.150
-1.170
-1.180
-1.170
-1.160
-1.125
-1.075
-1.020
-0.908
-0.824
-0.680
-0.472
-0.256

-0.100
0.232
0.356
0.484
0.512
0.536
0.560
0.580
0.596
0.612
0.624
0.632
0.652
0.640
0.632
0.624
0.550
0.432
0.380
0.268
0.096
-0.016
-0.160
-0.216
-0.252
-0.308
-0.332
-0.340
-0.328
-0.316
-0.296
-0.112
-0.004
0.076
0.144
0.160
0.176
0.180
0.188
0.184
0.168
0.144
0.100
0.056
0.016
-0.048
-0.096

